122
171
449
662
1376
1925
2218
2419
2660
3378
3429
4302
4825
4844
4847
4862
5005
5072
5134
5144
5285
5315
5674
6021
6573
6788
6795
7008
7072
7476
7665
7950
8283
8529
8736
9153
9154
9328
9423
9846
10005
10180
10227
10290
10461
10506
10521
10522
10651
11105
11200
11208
11226
11255
11260
11625
11764
11910
11929
12115
12137
12183
12252
12597
12612
12732
12736
13069
13180
13188
13221
13227
13242
13258
13293
13442
13545
13740
13756
13906
14171
14176
14231
14252
14254
14260
14268
14322
14346
14398
14413
14420
14452
14540
14557
14572
14602
14728
14749
14764
14814
14842
14891
14892
14899
14922
14941
15216
15217
15232
15254
15269
15375
15510
15589
15672
15741
15759
15761
15772
15796
15855
16095
16214
16399
16566
16567
16626
16628
16693
16705
16708
16748
16756
16824
16893
16928
16950
16955
16987
16994
17040
17046
17072
17137
17167
17180
17185
17224
17264
17272
17275
17280
17336
17337
17353
17400
17505
17531
17664
17675
17681
17697
17704
17719
17728
17736
17756
17766
17778
17782
17783
17842
17855
17915
17940
17942
17992
18039
18042
18054
18175
18180
18187
18273
18349
18407
18412
18434
18436
18448
18545
18589
18590
18633
18679
18720
18815
18961
18963
18966
18999
19049
19053
19067
19070
19077
19080
19084
19101
19121
19126
19176
19181
19192
19193
19206
19384
