122
171
204
449
654
662
733
763
884
940
1015
1059
1120
1376
1578
1594
1893
1925
2112
2154
2218
2244
2299
2419
2604
2660
2805
2907
2926
3116
3121
3412
3429
3565
3654
3667
3670
3682
4071
4302
4350
4417
4436
4469
4561
4612
4825
4826
4844
4847
4862
4864
4963
5005
5072
5134
5144
5218
5285
5300
5315
5648
5674
6021
6092
6127
6317
6573
6761
6788
6795
6868
6888
6923
6948
6963
6973
7008
7270
7476
7550
7568
7665
7675
7928
7950
7959
8216
8225
8283
8322
8373
8529
8718
8736
8755
8759
8853
9007
9019
9141
9153
9154
9298
9312
9328
9423
9505
9564
9578
9610
9691
9693
9770
9846
9852
9988
10005
10146
10154
10180
10227
10285
10290
10318
10351
10419
10427
10436
10461
10489
10506
10515
10521
10624
10743
10757
10763
10787
10796
10817
10887
11105
11141
11148
11200
11208
11213
11215
11217
11220
11223
11226
11255
11280
11307
11333
11356
11448
11580
11615
11625
11722
11740
11748
11757
11764
11800
11906
11929
12060
12115
12129
12156
12183
12205
12252
12254
12304
12344
12409
12416
12428
12471
12475
12570
12571
12583
12597
12609
12612
12650
12732
12736
12898
12944
12958
13069
13081
13104
13120
13121
13169
13180
13188
13221
13227
13245
13258
13270
13293
13442
13531
13545
13627
13725
13740
13755
13756
13782
13879
13896
13906
13918
13921
13964
13978
14034
14072
14086
14094
14098
14166
14169
14171
14176
14192
14198
14234
14254
14259
14260
14268
14306
14322
14346
14398
14413
14420
14422
14452
14499
14516
14540
14546
14557
14563
14572
14602
14615
14652
14653
14728
14749
14754
14760
14764
14814
14842
14859
14866
14878
14891
14899
14922
14941
14948
14964
14974
15005
15034
15051
15161
15174
15217
15254
15269
15308
15338
15375
15428
15462
15510
15520
15561
15589
15592
15638
15642
15672
15706
15741
15759
15761
15768
15772
15796
15823
15896
15900
15936
15951
16026
16028
16039
16079
16095
16195
16214
16217
16272
16279
16340
16342
16399
16412
16453
16459
16487
16506
16582
16609
16618
16622
16628
16632
16634
16708
16748
16756
16764
16767
16775
16821
16838
16859
16870
16872
16874
16893
16914
16926
16928
16950
16953
16955
16967
16968
16977
16994
17040
17046
17072
17120
17125
17132
17134
17137
17146
17152
17156
17167
17180
17185
17187
17194
17197
17264
17272
17275
17280
17321
17330
17336
17337
17353
17381
17389
17395
17398
17400
17412
17438
17458
17468
17469
17505
17531
17606
17624
17627
17631
17633
17664
17665
17673
17675
17681
17697
17704
17719
17727
17728
17736
17756
17766
17778
17779
17782
17799
17818
17842
17855
17871
17896
17915
17940
17942
17961
17992
18042
18047
18070
18080
18082
18101
18175
18179
18197
18291
18295
18349
18407
18412
18425
18434
18448
18455
18545
18553
18580
18590
18618
18679
18734
18766
18815
18837
18840
18845
18855
18925
18935
18941
18952
18961
18963
18966
18973
18985
18986
18992
18999
19007
19049
19053
19058
19067
19070
19077
19078
19084
19087
19101
19113
19118
19126
19132
19176
19181
19190
19192
19193
19206
19270
19384
19420
