122
152
171
414
424
449
506
536
546
620
646
654
662
678
680
684
702
733
737
753
763
917
919
1044
1071
1079
1181
1191
1229
1245
1376
1483
1549
1665
1925
2079
2087
2154
2161
2210
2304
2417
2419
2460
2531
2660
2671
2755
2805
2887
2907
2918
2924
2926
3121
3124
3306
3312
3422
3429
3466
3743
3980
4071
4080
4118
4123
4161
4250
4262
4302
4356
4477
4552
4558
4561
4562
4634
4773
4825
4826
4844
4847
4853
4862
4875
4910
4971
4977
5005
5026
5038
5072
5083
5106
5120
5131
5134
5285
5354
5391
5400
5502
5547
5730
5786
5907
5964
5966
6005
6010
6021
6028
6067
6083
6092
6121
6133
6145
6161
6263
6305
6379
6495
6752
6761
6785
6788
6808
6836
6841
6855
6857
6859
6864
6868
6885
6888
6923
6928
6944
6971
7005
7008
7027
7116
7123
7126
7134
7188
7270
7451
7532
7618
7655
7658
7665
7675
7679
7681
7716
7743
7765
7857
7928
7959
7986
7988
8005
8152
8155
8216
8225
8261
8278
8283
8286
8311
8322
8373
8409
8464
8502
8529
8563
8755
8759
8768
8783
8915
8959
9018
9019
9026
9031
9038
9141
9154
9221
9224
9260
9312
9323
9328
9332
9344
9369
9423
9431
9474
9505
9528
9564
9566
9574
9578
9604
9606
9686
9691
9692
9693
9713
9810
9841
9846
9852
9945
9988
10005
10010
10080
10113
10134
10163
10180
10222
10227
10290
10306
10313
10316
10318
10359
10419
10436
10446
10456
10469
10489
10490
10506
10518
10521
10529
10612
10624
10627
10679
10728
10734
10757
10759
10771
10782
10787
10876
10880
10887
10923
10926
10969
10971
10975
11052
11053
11105
11106
11111
11125
11127
11139
11141
11148
11152
11182
11184
11200
11208
11213
11214
11220
11223
11225
11252
11256
11310
11336
11361
11402
11408
11453
11470
11521
11706
11722
11750
11753
11757
11764
11765
11766
11833
11848
11985
12059
12060
12064
12096
12123
12135
12181
12183
12200
12205
12223
12232
12243
12252
12254
12271
12279
12280
12288
12289
12293
12301
12306
12311
12330
12338
12344
12379
12401
12402
12409
12428
12436
12444
12464
12475
12480
12530
12531
12536
12540
12549
12576
12583
12584
12586
12587
12592
12628
12635
12679
12725
12736
12837
12838
12881
12898
12900
12910
12915
12942
12952
12957
12958
12973
12974
12980
12986
13027
13051
13069
13078
13083
13084
13085
13093
13099
13102
13111
13117
13121
13122
13163
13169
13176
13177
13181
13186
13191
13193
13194
13215
13216
13217
13219
13220
13221
13230
13258
13293
13294
13298
13299
13308
13343
13351
13359
13376
13379
13393
13399
13403
13415
13422
13459
13466
13470
13472
13475
13492
13493
13499
13509
13519
13524
13531
13545
13556
13570
13596
13608
13612
13616
13623
13625
13627
13632
13637
13658
13659
13661
13662
13701
13711
13720
13721
13725
13729
13735
13740
13742
13743
13744
13752
13773
13775
13779
13784
13792
13874
13884
13906
13918
13964
14030
14034
14036
14039
14040
14042
14043
14046
14047
14049
14050
14052
14058
14060
14061
14066
14067
14069
14086
